1602143852233997056 -0.018326 0.005672 0.001745 -0.031945 -0.889535 9.767688
1602143852234497024 -0.018762 0.006545 0.000000 -0.031945 -0.877249 9.787346
1602143852234996992 -0.019199 0.004800 -0.000873 -0.034402 -0.877249 9.782432
1602143852235497216 -0.018762 0.002618 -0.000436 -0.044231 -0.882164 9.779974
1602143852235997184 -0.018762 0.003491 -0.001309 -0.036859 -0.891993 9.772603
1602143852236497152 -0.019635 0.003927 -0.002182 -0.024573 -0.896907 9.779974
1602143852236997120 -0.018326 0.004363 -0.003054 -0.012286 -0.891993 9.792261
1602143852237497088 -0.018762 0.006109 -0.003054 -0.019658 -0.896907 9.804547
1602143852237997056 -0.020071 0.007418 -0.000873 -0.017201 -0.901822 9.819291
1602143852238497024 -0.021380 0.006109 -0.001745 -0.014744 -0.904279 9.829120
1602143852238997248 -0.021380 0.004800 -0.001745 -0.012286 -0.914108 9.831577
1602143852239497216 -0.021380 0.006109 -0.001745 -0.007372 -0.921480 9.838949
1602143852239997184 -0.021380 0.005672 -0.001745 -0.012286 -0.923937 9.853693
1602143852240497152 -0.022689 0.004363 0.000000 -0.027030 -0.923937 9.858607
1602143852240997120 -0.022689 0.003491 0.000000 -0.031945 -0.938681 9.878266
1602143852241497088 -0.021817 0.007418 -0.001745 -0.041774 -0.953425 9.905296
1602143852241997056 -0.021817 0.007418 -0.000873 -0.051603 -0.950967 9.897924
1602143852242497024 -0.022689 0.004363 -0.000873 -0.051603 -0.953425 9.905296
1602143852242997248 -0.023998 0.004363 0.001309 -0.058975 -0.965711 9.902838
1602143852243497216 -0.023126 0.006109 0.000436 -0.071261 -0.970626 9.924954
1602143852243997184 -0.022253 0.007418 -0.001745 -0.081090 -0.975540 9.947069
1602143852244497152 -0.023126 0.006545 -0.000873 -0.083548 -0.980455 9.942155
1602143852244997120 -0.023126 0.006109 0.000436 -0.105663 -0.990284 9.939698
1602143852245497088 -0.023126 0.006109 -0.001309 -0.098291 -0.992741 9.939698
1602143852245997056 -0.022689 0.006109 -0.002182 -0.095834 -0.997656 9.932326
1602143852246497024 -0.021817 0.006545 -0.000436 -0.105663 -1.007485 9.947069
1602143852246997248 -0.022253 0.005672 0.000436 -0.120407 -1.005028 9.944612
1602143852247497216 -0.022689 0.004800 -0.000873 -0.113035 -1.014857 9.929868
1602143852247997184 -0.022253 0.006545 -0.001745 -0.100748 -1.022228 9.920039
1602143852248497152 -0.022253 0.006981 -0.001745 -0.105663 -1.027143 9.902838
1602143852248997120 -0.021817 0.004800 -0.002618 -0.103206 -1.036972 9.907753
1602143852249497088 -0.021380 0.003927 -0.000873 -0.095834 -1.039429 9.905296
1602143852249997056 -0.021817 0.003927 0.000000 -0.095834 -1.044344 9.888095
1602143852250497024 -0.020071 0.004363 -0.000873 -0.098291 -1.051716 9.873351
1602143852250997248 -0.019199 0.004363 -0.000873 -0.105663 -1.054173 9.865979
1602143852251497216 -0.019635 0.003054 0.000000 -0.093377 -1.064002 9.851236
1602143852251997184 -0.021380 0.004363 -0.000873 -0.100748 -1.066460 9.843864
1602143852252497152 -0.021380 0.005236 -0.001745 -0.095834 -1.066460 9.826663
1602143852252997120 -0.019635 0.005672 0.000000 -0.095834 -1.073831 9.814376
1602143852253497088 -0.017890 0.004800 0.000436 -0.100748 -1.073831 9.787346
1602143852253997056 -0.017890 0.005236 0.000873 -0.105663 -1.078746 9.777517
1602143852254497280 -0.017453 0.005672 -0.000436 -0.105663 -1.083660 9.777517
1602143852254997248 -0.016581 0.006109 -0.002618 -0.117949 -1.078746 9.772603
1602143852255497216 -0.016144 0.006109 -0.002618 -0.117949 -1.081203 9.775060
1602143852255997184 -0.016581 0.005236 -0.000873 -0.125321 -1.086118 9.762773
1602143852256497152 -0.017453 0.004800 0.000000 -0.137608 -1.091032 9.755402
1602143852256997120 -0.017453 0.005236 0.000000 -0.142522 -1.088575 9.752944
1602143852257497088 -0.016144 0.006545 -0.000873 -0.149894 -1.095947 9.762773
1602143852257997056 -0.014835 0.007418 -0.001745 -0.154809 -1.100861 9.772603
1602143852258497280 -0.014399 0.004800 -0.000873 -0.157266 -1.093490 9.767688
1602143852258997248 -0.014399 0.003491 -0.000873 -0.162180 -1.088575 9.772603
1602143852259497216 -0.014399 0.006545 0.000000 -0.169552 -1.095947 9.779974
1602143852259997184 -0.015272 0.006545 0.000873 -0.164638 -1.098404 9.789804
1602143852260497152 -0.015272 0.005236 -0.001309 -0.162180 -1.095947 9.784889
1602143852260997120 -0.015272 0.004363 -0.001745 -0.169552 -1.088575 9.799633
1602143852261497088 -0.014835 0.003491 0.000873 -0.164638 -1.083660 9.814376
1602143852261997056 -0.014399 0.003491 -0.000873 -0.159723 -1.088575 9.816834
1602143852262497280 -0.014399 0.004800 -0.003054 -0.157266 -1.088575 9.829120
1602143852262997248 -0.013963 0.004800 -0.002182 -0.147437 -1.078746 9.834035
1602143852263497216 -0.013090 0.003927 -0.001745 -0.140065 -1.073831 9.861065
1602143852263997184 -0.012654 0.002618 -0.001745 -0.135150 -1.081203 9.875808
1602143852264497152 -0.013526 0.002182 -0.001309 -0.132693 -1.081203 9.885637
1602143852264997120 -0.013090 0.003054 -0.001309 -0.120407 -1.078746 9.893009
1602143852265497088 -0.011781 0.003491 -0.001309 -0.125321 -1.073831 9.893009
1602143852265997312 -0.011781 0.003054 -0.000873 -0.122864 -1.061545 9.910210
1602143852266497280 -0.011781 0.002182 -0.000436 -0.113035 -1.056630 9.929868
1602143852266997248 -0.012654 0.000873 -0.001309 -0.120407 -1.044344 9.939698
1602143852267497216 -0.012654 0.001309 -0.001309 -0.115492 -1.046801 9.961813
1602143852267997184 -0.012654 0.003927 -0.001745 -0.110578 -1.034515 9.956899
1602143852268497152 -0.013090 0.004363 -0.000873 -0.113035 -1.029600 9.949527
1602143852268997120 -0.013526 0.003927 -0.000873 -0.117949 -1.024686 9.954441
1602143852269497088 -0.013526 0.004363 -0.001745 -0.127779 -1.024686 9.954441
1602143852269997312 -0.013090 0.002618 -0.002182 -0.137608 -1.017314 9.954441
1602143852270497280 -0.013090 0.001309 -0.001309 -0.135150 -1.014857 9.949527
1602143852270997248 -0.011781 0.001309 -0.001309 -0.132693 -1.014857 9.932326
1602143852271497216 -0.011345 0.003054 -0.001309 -0.142522 -1.005028 9.920039
1602143852271997184 -0.012217 0.003491 -0.000873 -0.142522 -0.997656 9.910210
1602143852272497152 -0.013526 0.003054 -0.000873 -0.147437 -0.990284 9.905296
1602143852272997120 -0.013090 0.003054 0.000000 -0.147437 -0.987827 9.890552
1602143852273497088 -0.012654 0.002182 0.000873 -0.149894 -0.987827 9.880723
1602143852273997312 -0.013963 0.001309 0.001309 -0.154809 -0.990284 9.856150
1602143852274497280 -0.013526 0.003054 -0.000873 -0.147437 -0.987827 9.838949
1602143852274997248 -0.012654 0.003491 -0.001745 -0.149894 -0.985369 9.831577
1602143852275497216 -0.013090 0.001309 -0.000436 -0.157266 -0.987827 9.829120
1602143852275997184 -0.012654 0.000873 -0.001309 -0.154809 -0.987827 9.824205
1602143852276497152 -0.013526 0.002182 -0.002182 -0.157266 -0.990284 9.804547
1602143852276997120 -0.014399 0.002182 -0.000873 -0.154809 -0.990284 9.802090
1602143852277497088 -0.013963 0.003054 -0.000436 -0.149894 -0.992741 9.804547
1602143852277997312 -0.013963 0.003491 -0.000436 -0.154809 -0.992741 9.809462
1602143852278497280 -0.014399 0.001309 0.000000 -0.162180 -1.005028 9.802090
1602143852278997248 -0.014399 0.000436 0.000873 -0.169552 -1.005028 9.797175
1602143852279497216 -0.014835 0.001745 -0.000436 -0.174467 -1.012399 9.787346
1602143852279997184 -0.015272 0.002182 -0.001745 -0.164638 -1.012399 9.789804
1602143852280497152 -0.015708 0.002182 -0.001745 -0.164638 -1.012399 9.802090
1602143852280997120 -0.015708 0.000436 0.000000 -0.174467 -1.019771 9.814376
1602143852281497344 -0.015272 0.000436 0.000000 -0.179381 -1.027143 9.826663
1602143852281997312 -0.015708 0.002182 -0.001745 -0.176924 -1.034515 9.831577
1602143852282497280 -0.015708 0.001745 -0.001309 -0.176924 -1.036972 9.834035
1602143852282997248 -0.015708 0.000873 -0.001309 -0.176924 -1.036972 9.848778
1602143852283497216 -0.017453 0.002182 0.000000 -0.184296 -1.049259 9.863522
1602143852283997184 -0.017453 0.002618 0.000436 -0.184296 -1.049259 9.870894
1602143852284497152 -0.016144 0.002182 0.000000 -0.179381 -1.049259 9.878266
1602143852284997120 -0.015272 0.001309 -0.000873 -0.174467 -1.056630 9.888095
1602143852285497344 -0.015708 0.000000 -0.000873 -0.174467 -1.059088 9.910210
1602143852285997312 -0.017890 0.000436 -0.001309 -0.169552 -1.056630 9.922497
1602143852286497280 -0.019635 0.001309 -0.001745 -0.164638 -1.059088 9.920039
1602143852286997248 -0.019635 0.001745 0.001309 -0.152351 -1.071374 9.924954
1602143852287497216 -0.018762 0.002182 0.001745 -0.142522 -1.078746 9.922497
1602143852287997184 -0.017453 0.001309 -0.001309 -0.130236 -1.068917 9.932326
1602143852288497152 -0.016581 0.002182 -0.000436 -0.127779 -1.076289 9.927411
1602143852288997120 -0.017890 0.002618 -0.000873 -0.110578 -1.071374 9.922497
1602143852289497344 -0.019635 0.001745 -0.002618 -0.105663 -1.073831 9.927411
1602143852289997312 -0.020071 0.001309 -0.000436 -0.098291 -1.073831 9.934783
1602143852290497280 -0.020071 0.001309 0.001309 -0.081090 -1.076289 9.937240
1602143852290997248 -0.019635 0.000436 0.000873 -0.076176 -1.071374 9.934783
1602143852291497216 -0.019635 0.000436 0.000000 -0.076176 -1.071374 9.939698
1602143852291997184 -0.019635 0.000873 -0.003054 -0.063889 -1.071374 9.949527
1602143852292497152 -0.019635 0.000436 -0.002618 -0.058975 -1.078746 9.942155
1602143852292997376 -0.019635 0.002618 0.000873 -0.054060 -1.073831 9.944612
1602143852293497344 -0.018762 0.002618 0.000873 -0.051603 -1.066460 9.954441
1602143852293997312 -0.018326 0.001309 -0.000873 -0.046688 -1.056630 9.969185
1602143852294497280 -0.019199 0.000000 -0.001309 -0.041774 -1.064002 9.981471
1602143852294997248 -0.019635 0.000000 -0.001309 -0.039316 -1.059088 9.991300
1602143852295497216 -0.019199 0.000873 0.000000 -0.031945 -1.051716 9.986386
1602143852295997184 -0.018762 0.001309 0.000873 -0.029487 -1.054173 9.988843
1602143852296497152 -0.019635 -0.000873 0.000000 -0.027030 -1.049259 9.991300
1602143852296997376 -0.019635 -0.000873 0.000000 -0.031945 -1.046801 10.006044
1602143852297497344 -0.019635 0.000873 0.000873 -0.034402 -1.041887 10.028160
1602143852297997312 -0.019635 0.000873 -0.000436 -0.029487 -1.041887 10.035532
1602143852298497280 -0.020944 0.001309 -0.000436 -0.031945 -1.044344 10.018331
1602143852298997248 -0.022253 0.001745 0.001309 -0.034402 -1.044344 10.013416
1602143852299497216 -0.021817 0.001745 0.001309 -0.027030 -1.051716 10.030617
1602143852299997184 -0.020944 0.001745 -0.000873 -0.027030 -1.054173 10.047818
1602143852300497152 -0.020508 0.002182 -0.003054 -0.029487 -1.046801 10.047818
1602143852300997376 -0.021380 0.000873 -0.003054 -0.024573 -1.051716 10.052732
1602143852301497344 -0.022253 -0.000436 0.000436 -0.017201 -1.059088 10.047818
1602143852301997312 -0.022689 -0.000436 0.001309 -0.007372 -1.066460 10.035532
1602143852302497280 -0.023562 -0.000436 0.000873 -0.009829 -1.083660 10.028160
1602143852302997248 -0.022253 0.000000 0.001309 -0.007372 -1.086118 10.035532
1602143852303497216 -0.021817 0.000873 0.000873 -0.009829 -1.091032 10.042903
1602143852303997184 -0.023562 0.001309 0.000873 -0.009829 -1.100861 10.030617
1602143852304497152 -0.024871 0.001745 0.000000 0.000000 -1.113148 10.015873
1602143852304997376 -0.023126 0.002182 -0.000873 0.000000 -1.113148 10.001130
1602143852305497344 -0.022689 0.002618 -0.000873 -0.002457 -1.118062 9.996215
1602143852305997312 -0.022689 0.001309 0.000436 -0.004915 -1.130349 9.988843
1602143852306497280 -0.023126 -0.000436 0.001309 0.000000 -1.140178 9.976557
1602143852306997248 -0.023998 0.001745 0.000873 -0.004915 -1.135263 9.964270
1602143852307497216 -0.023562 0.003054 0.000000 0.009829 -1.135263 9.951984
1602143852307997184 -0.023126 0.002618 0.000873 0.017201 -1.147550 9.949527
1602143852308497408 -0.021817 0.002618 0.001745 0.022116 -1.159836 9.937240
1602143852308997376 -0.021817 0.001745 0.000000 0.019658 -1.157379 9.937240
1602143852309497344 -0.022253 0.001745 -0.001309 0.031945 -1.159836 9.934783
1602143852309997312 -0.022689 0.000436 -0.000873 0.036859 -1.164751 9.932326
1602143852310497280 -0.022689 -0.001309 -0.000436 0.041774 -1.177037 9.922497
1602143852310997248 -0.020508 -0.000436 -0.000873 0.054060 -1.181952 9.920039
1602143852311497216 -0.019635 0.001309 -0.000873 0.056517 -1.181952 9.927411
1602143852311997184 -0.020944 0.000436 -0.000436 0.073718 -1.194238 9.924954
1602143852312497408 -0.022253 -0.000436 0.000000 0.073718 -1.191781 9.932326
1602143852312997376 -0.020944 0.000436 0.000000 0.073718 -1.199153 9.929868
1602143852313497344 -0.019635 0.001309 -0.000873 0.081090 -1.211439 9.920039
1602143852313997312 -0.019199 0.001309 -0.000436 0.088462 -1.213896 9.922497
1602143852314497280 -0.019635 -0.000436 0.000436 0.086005 -1.223725 9.951984
1602143852314997248 -0.019635 -0.001309 0.001309 0.081090 -1.226183 9.959356
1602143852315497216 -0.020071 0.001309 0.000000 0.076176 -1.228640 9.949527
1602143852315997184 -0.018762 0.002618 -0.001309 0.088462 -1.240926 9.944612
1602143852316497408 -0.015272 0.001309 -0.001745 0.086005 -1.240926 9.959356
1602143852316997376 -0.014399 -0.000436 -0.002182 0.086005 -1.233555 9.974100
1602143852317497344 -0.014399 -0.000873 -0.000436 0.081090 -1.228640 9.983929
1602143852317997312 -0.013963 0.000436 0.000873 0.073718 -1.221268 9.986386
1602143852318497280 -0.014399 0.000873 0.000000 0.076176 -1.221268 9.991300
1602143852318997248 -0.013526 0.001309 -0.000436 0.078633 -1.218811 10.001130
1602143852319497216 -0.013526 0.002182 0.000873 0.071261 -1.201610 10.020788
1602143852319997440 -0.012654 0.002182 0.001309 0.076176 -1.196695 10.025702
1602143852320497408 -0.010908 0.001745 0.000873 0.076176 -1.196695 10.028160
1602143852320997376 -0.010036 0.002182 0.001309 0.066347 -1.194238 10.025702
1602143852321497344 -0.009599 0.003491 0.001309 0.063889 -1.184409 10.037989
1602143852321997312 -0.010036 0.004363 0.000000 0.056517 -1.172123 10.033074
1602143852322497280 -0.010036 0.003491 -0.000873 0.049146 -1.169665 10.037989
1602143852322997248 -0.010908 0.002618 -0.000873 0.049146 -1.167208 10.042903
1602143852323497216 -0.011781 0.003491 0.000436 0.049146 -1.162293 10.033074
1602143852323997440 -0.012654 0.003054 0.002182 0.046688 -1.157379 10.025702
1602143852324497408 -0.013090 0.002182 0.001309 0.051603 -1.162293 10.030617
1602143852324997376 -0.012654 0.002618 0.000000 0.049146 -1.159836 10.015873
1602143852325497344 -0.012217 0.003491 0.000436 0.054060 -1.162293 10.015873
1602143852325997312 -0.013090 0.003491 -0.000436 0.054060 -1.169665 10.008501
1602143852326497280 -0.013526 0.002618 -0.000873 0.051603 -1.162293 10.010959
1602143852326997248 -0.013090 0.002182 0.000873 0.061432 -1.164751 9.998672
1602143852327497216 -0.011781 0.003927 0.000000 0.054060 -1.164751 9.993758
1602143852327997440 -0.010036 0.005236 0.000000 0.063889 -1.169665 9.988843
1602143852328497408 -0.010472 0.002618 -0.001745 0.073718 -1.172123 9.991300
1602143852328997376 -0.011781 0.001745 -0.000873 0.071261 -1.162293 9.991300
1602143852329497344 -0.012654 0.001745 0.000000 0.073718 -1.164751 9.976557
1602143852329997312 -0.011781 0.002182 -0.000436 0.078633 -1.177037 9.964270
1602143852330497280 -0.010472 0.003054 0.000000 0.078633 -1.174580 9.959356
1602143852330997248 -0.009599 0.003054 0.000873 0.083548 -1.174580 9.964270
1602143852331497472 -0.010472 0.003491 0.000873 0.086005 -1.179494 9.954441
1602143852331997440 -0.010908 0.003054 0.001745 0.088462 -1.174580 9.939698
1602143852332497408 -0.011345 0.002618 0.001309 0.090919 -1.184409 9.934783
1602143852332997376 -0.012654 0.001745 0.000873 0.081090 -1.177037 9.932326
1602143852333497344 -0.012654 0.003054 0.000436 0.081090 -1.177037 9.932326
