1602143852213626880 1602143852.2136268616 0.0499890000
1602143852246626816 1602143852.2466268539 0.0499890000
1602143852279627008 1602143852.2796270847 0.0499890000
1602143852312626944 1602143852.3126268387 0.0499890000
1602143852345627136 1602143852.3456270695 0.0499890000
1602143852378627072 1602143852.3786270618 0.0499890000
1602143852411627264 1602143852.4116272926 0.0499890000
1602143852444627456 1602143852.4446275234 0.0499890000
1602143852477627392 1602143852.4776272774 0.0499890000
1602143852510627584 1602143852.5106275082 0.0499890000
